# name: debug
# type: sparse matrix
# nnz: 2304
# rows: 48
# columns: 48

1 1 5.80276826e+11
2 1 2364235.05
3 1 -130160.873
4 1 135956.775
5 1 -228003.177
6 1 -660103.968
7 1 -0.0178659582
8 1 -0.164938561
9 1 -0.0363111253
10 1 -0.092322497
11 1 0.00510804774
12 1 0.0175824403
13 1 0.0184354456
14 1 -0.0553329725
15 1 -0.0126378179
16 1 -0.0515795683
17 1 0.00463585685
18 1 -0.126054233
19 1 0.000189560876
20 1 -0.00398887548
21 1 -0.00251428864
22 1 -0.00205354919
23 1 -2.50038529e-05
24 1 -0.000411473
25 1 0.00136717962
26 1 -0.00676586682
27 1 -0.00269725323
28 1 -0.00132894081
29 1 -2.53615127e-05
30 1 -0.000622258275
31 1 0.00123693936
32 1 -0.00415398396
33 1 -0.00040226891
34 1 -0.000337395688
35 1 -2.11318989e-05
36 1 -0.000885038015
37 1 0.00136884575
38 1 -0.00375775571
39 1 -0.000416839889
40 1 -0.00028054919
41 1 -1.36451536e-05
42 1 -0.000782701464
43 1 0.00213657352
44 1 -0.00565581775
45 1 -0.000100459427
46 1 -0.00014195937
47 1 -2.11887752e-05
48 1 -0.00131114722
1 2 2364235.05
2 2 5.80290015e+11
3 2 -491142.776
4 2 2958310.23
5 2 -3.27442292e-10
6 2 -4339273.56
7 2 -0.0395639791
8 2 -1.54389087
9 2 -0.225560454
10 2 -1.28451231
11 2 -0.00706912674
12 2 0.170709439
13 2 0.160528916
14 2 -0.641958801
15 2 -0.0668455528
16 2 -0.368501547
17 2 0.0029505949
18 2 -1.30779851
19 2 -0.000685398569
20 2 -0.0380128787
21 2 -0.00880418156
22 2 -0.00583587095
23 2 -1.87337312e-05
24 2 0.00100490296
25 2 0.00464626996
26 2 -0.0328837765
27 2 -0.0101127075
28 2 -0.00686291054
29 2 -1.64225101e-05
30 2 -0.00345204514
31 2 0.00612351617
32 2 -0.0313811978
33 2 -0.00262509218
34 2 -0.00241979766
35 2 1.89201762e-05
36 2 -0.00783617353
37 2 0.0060734552
38 2 -0.0203198208
39 2 -0.00226875338
40 2 -0.00158165936
41 2 2.21707603e-06
42 2 -0.00415368873
43 2 0.00950578802
44 2 -0.0299879453
45 2 -0.00112730321
46 2 -0.00118038816
47 2 6.52147247e-06
48 2 -0.00727022567
1 3 -130160.873
2 3 -491142.776
3 3 5.80276493e+11
4 3 425101.691
5 3 327067.439
6 3 -135956.775
7 3 0.0114406052
8 3 -0.0720650984
9 3 -0.016319488
10 3 -0.106396524
11 3 -0.00646736841
12 3 0.00356649841
13 3 0.0142903961
14 3 -0.0300006132
15 3 -0.000371186981
16 3 -0.0248555428
17 3 -0.00589278796
18 3 -0.0868530647
19 3 0.00023583484
20 3 0.00392492313
21 3 0.00172052131
22 3 0.00111180043
23 3 -2.12919541e-05
24 3 4.56571446e-05
25 3 -0.000748612702
26 3 0.00489372074
27 3 0.0020599274
28 3 0.000969564271
29 3 -3.02149881e-05
30 3 0.000415023627
31 3 -0.000709187686
32 3 0.00259966113
33 3 0.00048091635
34 3 0.000236250325
35 3 -4.22066497e-05
36 3 0.000531046504
37 3 -0.000943002789
38 3 0.002759509
39 3 0.000459173389
40 3 0.00022612827
41 3 -1.86237269e-05
42 3 0.000568201253
43 3 -0.00134095816
44 3 0.00372110926
45 3 0.000305009473
46 3 0.000135108085
47 3 -3.24932067e-05
48 3 0.000866975434
1 4 135956.775
2 4 2958310.23
3 4 425101.691
4 4 5.80277854e+11
5 4 39774.5415
6 4 -1875189.55
7 4 -0.00241469781
8 4 -0.682275003
9 4 -0.109201358
10 4 -0.828875181
11 4 -0.00438924331
12 4 0.0619185921
13 4 0.085598601
14 4 -0.276155889
15 4 -0.0268702902
16 4 -0.171188624
17 4 0.0013289661
18 4 -0.722193631
19 4 -4.21622107e-05
20 4 0.00188572114
21 4 0.00106897198
22 4 0.00116195329
23 4 5.98186918e-06
24 4 0.000251920724
25 4 -0.000423761239
26 4 0.0031472285
27 4 0.000964246201
28 4 0.00065913044
29 4 6.0255474e-07
30 4 0.000321354541
31 4 -0.000544524247
32 4 0.00284512635
33 4 0.00024923462
34 4 0.000228473308
35 4 -2.45534042e-06
36 4 0.000706476146
37 4 -0.000584806102
38 4 0.00197372054
39 4 0.000230846237
40 4 0.000159882415
41 4 -7.7796362e-07
42 4 0.000402315761
43 4 -0.00086170886
44 4 0.00288803853
45 4 0.000129287008
46 4 0.000149258718
47 4 -1.53746576e-06
48 4 0.000742473976
1 5 -228003.177
2 5 -3.27442292e-10
3 5 327067.439
4 5 39774.5415
5 5 5.80275896e+11
6 5 25466.8368
7 5 0.00494992917
8 5 0.00473865842
9 5 0.00031344554
10 5 0.00294494713
11 5 -0.0106204442
12 5 -0.00238671338
13 5 0.000550623606
14 5 -0.00014383134
15 5 0.00248913375
16 5 0.002280162
17 5 -0.00731203223
18 5 -0.0008588583
19 5 1.1434101e-05
20 5 5.08111266e-06
21 5 -5.91484697e-06
22 5 5.74970946e-06
23 5 -1.6357009e-05
24 5 1.59235738e-06
25 5 2.49826783e-05
26 5 1.22051295e-05
27 5 1.78447599e-05
28 5 3.11331175e-06
29 5 -6.90197921e-06
30 5 -4.39966826e-07
31 5 1.18981524e-05
32 5 -1.38357793e-05
33 5 3.09136878e-05
34 5 2.57066868e-07
35 5 -9.1060645e-06
36 5 -4.51599067e-06
37 5 6.62058316e-06
38 5 -1.08798613e-06
39 5 1.68919041e-05
40 5 1.01399423e-06
41 5 -3.59334075e-06
42 5 -6.12291717e-07
43 5 6.23428721e-06
44 5 -5.03758345e-06
45 5 2.70819148e-05
46 5 1.73967973e-06
47 5 -6.73563885e-06
48 5 -1.38907733e-06
1 6 -660103.968
2 6 -4339273.56
3 6 -135956.775
4 6 -1875189.55
5 6 25466.8368
6 6 5.80279396e+11
7 6 0.0108216516
8 6 0.542435971
9 6 0.0876924342
10 6 1.35254065
11 6 0.00310184568
12 6 -0.320980397
13 6 -0.125947906
14 6 0.357231216
15 6 0.0507181013
16 6 0.323026552
17 6 -0.00246646614
18 6 1.02177694
19 6 -0.00038013101
20 6 -0.000389791077
21 6 0.00196914892
22 6 0.0029615453
23 6 4.84792099e-06
24 6 0.00111268362
25 6 -0.000636698107
26 6 0.00471491641
27 6 0.00134759188
28 6 0.00101520168
29 6 2.87288327e-06
30 6 0.000552538451
31 6 -0.000846418305
32 6 0.0049765917
33 6 0.000352649162
34 6 0.000357503851
35 6 -2.98838542e-06
36 6 0.00134075074
37 6 -0.000799587334
38 6 0.00264785756
39 6 0.000291514233
40 6 0.000203487939
41 6 1.51985359e-07
42 6 0.000542752723
43 6 -0.0012916665
44 6 0.00412337009
45 6 0.000144491177
46 6 0.0001755926
47 6 -2.05723294e-07
48 6 0.0010394802
1 7 -0.0178659582
2 7 -0.0395639791
3 7 0.0114406052
4 7 -0.00241469781
5 7 0.00494992917
6 7 0.0108216516
7 7 5.80277174e+11
8 7 3171700.68
9 7 -159843.199
10 7 51397.7012
11 7 -201044.111
12 7 -653685.419
13 7 0.00631843628
14 7 -0.0352609054
15 7 -0.0149693232
16 7 -0.0329011188
17 7 0.0072470109
18 7 -0.0481722457
19 7 0.000513385319
20 7 -0.0049277909
21 7 -0.00534527842
22 7 -0.00462555028
23 7 -2.8399716e-05
24 7 -0.00129294874
25 7 0.00149669387
26 7 -0.00915592498
27 7 -0.00342717165
28 7 -0.00182492991
29 7 1.34984071e-05
30 7 -0.000784727602
31 7 0.00196125193
32 7 -0.00650463578
33 7 -0.000935702502
34 7 -0.000605445323
35 7 2.15518107e-05
36 7 -0.0013346962
37 7 0.00244516891
38 7 -0.00654071783
39 7 -0.000911773327
40 7 -0.000512933456
41 7 1.10238965e-05
42 7 -0.00135156388
43 7 0.00247852594
44 7 -0.0162060711
45 7 -0.00573306858
46 7 -0.00277661038
47 7 -4.02371666e-05
48 7 -0.0014912927
1 8 -0.164938561
2 8 -1.54389087
3 8 -0.0720650984
4 8 -0.682275003
5 8 0.00473865842
6 8 0.542435971
7 8 3171700.68
8 8 5.80292238e+11
9 8 27347.8513
10 8 2582442.16
11 8 8.33561399e-09
12 8 -2168312.15
13 8 0.155038958
14 8 -0.592929187
15 8 -0.0864915129
16 8 -0.41151083
17 8 0.0112374388
18 8 -1.14414024
19 8 -0.00372180073
20 8 -0.10023123
21 8 -0.0104850719
22 8 -0.0027924535
23 8 -0.000100614114
24 8 0.00726436926
25 8 0.00551819233
26 8 -0.0484479741
27 8 -0.0126255946
28 8 -0.00976096157
29 8 -1.13939737e-05
30 8 -0.00405106917
31 8 0.00945228001
32 8 -0.0418712185
33 8 -0.00446357964
34 8 -0.00399992973
35 8 2.75691007e-05
36 8 -0.00890619599
37 8 0.0095194516
38 8 -0.0310906338
39 8 -0.0036354211
40 8 -0.00262789905
41 8 8.70840725e-06
42 8 -0.00632857784
43 8 0.0106694332
44 8 -0.0704904036
45 8 -0.0174624997
46 8 -0.010954226
47 8 -8.9111607e-05
48 8 -0.00877868321
1 9 -0.0363111253
2 9 -0.225560454
3 9 -0.016319488
4 9 -0.109201358
5 9 0.00031344554
6 9 0.0876924342
7 9 -159843.199
8 9 27347.8513
9 9 5.8027689e+11
10 9 734879.016
11 9 159947.242
12 9 -51397.7012
13 9 0.0328437961
14 9 -0.0879241351
15 9 -0.0173150983
16 9 -0.0817605801
17 9 0.000226291935
18 9 -0.199554105
19 9 0.00238473341
20 9 0.011205977
21 9 -0.00436907636
22 9 -0.00617926646
23 9 -6.79188145e-06
24 9 -0.00327312056
25 9 0.000783107907
26 9 -0.00276829574
27 9 -0.000988118601
28 9 -0.000541746505
29 9 -5.45979612e-05
30 9 -0.000271651801
31 9 0.000851232498
32 9 -0.00231031635
33 9 -8.79395983e-05
34 9 -0.000182199544
35 9 -5.02611906e-05
36 9 -0.000498846081
37 9 0.00086911336
38 9 -0.00198958647
39 9 -0.000100877919
40 9 -0.000133069427
41 9 -3.35540289e-05
42 9 -0.00042031685
43 9 0.00109920838
44 9 0.00602195412
45 9 0.00480180594
46 9 0.00209654428
47 9 -5.41293526e-05
48 9 -0.000630036167
1 10 -0.092322497
2 10 -1.28451231
3 10 -0.106396524
4 10 -0.828875181
5 10 0.00294494713
6 10 1.35254065
7 10 51397.7012
8 10 2582442.16
9 10 734879.016
10 10 5.8028059e+11
11 10 7149.22272
12 10 -980322.936
13 10 0.200786725
14 10 -0.599015131
15 10 -0.0879824556
16 10 -0.493603638
17 10 0.0143796623
18 10 -1.50297806
19 10 0.00320194587
20 10 0.0274777666
21 10 -0.00572211569
22 10 -0.0123289165
23 10 8.20723717e-05
24 10 -0.00684625022
25 10 0.000289628828
26 10 -0.00222590489
27 10 -0.000593369441
28 10 -0.00044678346
29 10 -1.81559347e-06
30 10 -0.000215277764
31 10 0.000503354831
32 10 -0.00221298371
33 10 -0.000202234598
34 10 -0.000177521267
35 10 6.03866472e-07
36 10 -0.000517860766
37 10 0.000437480547
38 10 -0.00130511612
39 10 -0.000148119529
40 10 -0.000102764094
41 10 -6.17324626e-07
42 10 -0.000269319795
43 10 0.000577388018
44 10 0.00257870296
45 10 0.00196835
46 10 0.00109021459
47 10 1.15540787e-05
48 10 -0.000395248774
1 11 0.00510804774
2 11 -0.00706912674
3 11 -0.00646736841
4 11 -0.00438924331
5 11 -0.0106204442
6 11 0.00310184568
7 11 -201044.111
8 11 8.33561399e-09
9 11 159947.242
10 11 7149.22272
11 11 5.80275879e+11
12 11 52788.1329
13 11 0.00228314244
14 11 -0.00341476807
15 11 0.00309655524
16 11 0.000498091567
17 11 -0.00941392884
18 11 -0.00930088023
19 11 -3.22336392e-05
20 11 0.000294085178
21 11 -0.000131859635
22 11 -0.000104084463
23 11 -7.73103533e-05
24 11 -5.54296509e-05
25 11 3.95957056e-05
26 11 8.40274415e-06
27 11 1.86383855e-05
28 11 2.5399993e-06
29 11 -8.9585757e-06
30 11 -1.42445741e-06
31 11 2.15423251e-05
32 11 -2.07004781e-05
33 11 3.45318276e-05
34 11 1.07748995e-07
35 11 -9.29313591e-06
36 11 -5.61825548e-06
37 11 1.3076907e-05
38 11 -6.47777949e-06
39 11 2.43367053e-05
40 11 1.07913441e-06
41 11 -5.460902e-06
42 11 -1.96528311e-06
43 11 4.90739373e-05
44 11 7.26097512e-05
45 11 7.46999806e-05
46 11 2.4837013e-05
47 11 -1.59241128e-05
48 11 -7.27692852e-06
1 12 0.0175824403
2 12 0.170709439
3 12 0.00356649841
4 12 0.0619185921
5 12 -0.00238671338
6 12 -0.320980397
7 12 -653685.419
8 12 -2168312.15
9 12 -51397.7012
10 12 -980322.936
11 12 52788.1329
12 12 5.80276603e+11
13 12 -0.0551242841
14 12 0.167161008
15 12 0.034813196
16 12 0.187931076
17 12 -0.00477356863
18 12 0.376145886
19 12 -0.00116292259
20 12 -0.00207122846
21 12 0.0044196939
22 12 0.00720576851
23 12 -4.10861467e-06
24 12 0.002818708
25 12 -0.000849722032
26 12 0.00759295381
27 12 0.00195722045
28 12 0.00153247727
29 12 1.36372287e-06
30 12 0.000636121559
31 12 -0.00146421094
32 12 0.006681905
33 12 0.000695068408
34 12 0.000632283349
35 12 -4.90249672e-06
36 12 0.00143883695
37 12 -0.00145795235
38 12 0.00482142547
39 12 0.000563781979
40 12 0.000410512033
41 12 -1.63103324e-06
42 12 0.000980640318
43 12 -0.00165167663
44 12 0.0115040744
45 12 0.00283546921
46 12 0.00187554077
47 12 1.69847773e-05
48 12 0.00139431294
1 13 0.0184354456
2 13 0.160528916
3 13 0.0142903961
4 13 0.085598601
5 13 0.000550623606
6 13 -0.125947906
7 13 0.00631843628
8 13 0.155038958
9 13 0.0328437961
10 13 0.200786725
11 13 0.00228314244
12 13 -0.0551242841
13 13 5.8027644e+11
14 13 770268.073
15 13 32913.3266
16 13 -69812.1092
17 13 -96149.9973
18 13 -687250.04
19 13 -0.0181283956
20 13 -0.0254977876
21 13 -0.00777617747
22 13 -0.00624402962
23 13 -0.00020501278
24 13 0.0179249534
25 13 -0.000760560078
26 13 -0.00535437989
27 13 -0.00189701401
28 13 -0.00191098699
29 13 1.68531635e-05
30 13 0.0029628862
31 13 -0.0002715291
32 13 -0.00262881057
33 13 -0.000958345945
34 13 -0.00196504124
35 13 -1.3980742e-05
36 13 0.00146597114
37 13 0.000557165259
38 13 -0.00324651915
39 13 -0.000444368647
40 13 -0.00229441933
41 13 7.83123384e-05
42 13 0.0006596921
43 13 -0.000151978086
44 13 -0.00398029348
45 13 -0.00125893668
46 13 -0.00254382285
47 13 -0.000306783906
48 13 0.00212395571
1 14 -0.0553329725
2 14 -0.641958801
3 14 -0.0300006132
4 14 -0.276155889
5 14 -0.00014383134
6 14 0.357231216
7 14 -0.0352609054
8 14 -0.592929187
9 14 -0.0879241351
10 14 -0.599015131
11 14 -0.00341476807
12 14 0.167161008
13 14 770268.073
14 14 5.8028665e+11
15 14 2336441.95
16 14 1415191.74
17 14 -5.45424789e-09
18 14 181113.888
19 14 -0.0413669858
20 14 -0.119835946
21 14 -0.0334382878
22 14 -0.0226978011
23 14 -0.000795987251
24 14 0.0430238697
25 14 0.00219900114
26 14 -0.0602560136
27 14 -0.0166902088
28 14 -0.0161997899
29 14 -0.000500637582
30 14 0.00955516388
31 14 0.00262032648
32 14 -0.037592511
33 14 -0.00500888148
34 14 -0.0114329919
35 14 -0.000480211927
36 14 0.000724661534
37 14 0.00899528177
38 14 -0.0406630581
39 14 -0.00306756368
40 14 -0.0120255528
41 14 -8.66090502e-05
42 14 -0.00308049877
43 14 0.0081896947
44 14 -0.0323670358
45 14 -0.00519315631
46 14 -0.00837084854
47 14 -0.00213443527
48 14 0.000810532529
1 15 -0.0126378179
2 15 -0.0668455528
3 15 -0.000371186981
4 15 -0.0268702902
5 15 0.00248913375
6 15 0.0507181013
7 15 -0.0149693232
8 15 -0.0864915129
9 15 -0.0173150983
10 15 -0.0879824556
11 15 0.00309655524
12 15 0.034813196
13 15 32913.3266
14 15 2336441.95
15 15 5.80276926e+11
16 15 807237.573
17 15 -12546.0999
18 15 69812.1092
19 15 -0.016569207
20 15 -0.0316799517
21 15 -0.0139565473
22 15 -0.0105503909
23 15 -0.000438099423
24 15 0.0161401026
25 15 0.0019548573
26 15 -0.0133759555
27 15 -0.00617769246
28 15 -0.00316597451
29 15 -0.000187625974
30 15 0.00111659752
31 15 0.00139756618
32 15 -0.00418108762
33 15 -0.00105452798
34 15 -0.00131200802
35 15 -0.000166317677
36 15 0.000170311347
37 15 0.00341988449
38 15 -0.00780563791
39 15 -0.00113130209
40 15 -0.00176419236
41 15 -9.83628959e-05
42 15 -0.000788055158
43 15 0.00347373832
44 15 -0.00657578511
45 15 -0.000761084647
46 15 -0.000490277113
47 15 -0.000635245308
48 15 -0.00162828472
1 16 -0.0515795683
2 16 -0.368501547
3 16 -0.0248555428
4 16 -0.171188624
5 16 0.002280162
6 16 0.323026552
7 16 -0.0329011188
8 16 -0.41151083
9 16 -0.0817605801
10 16 -0.493603638
11 16 0.000498091567
12 16 0.187931076
13 16 -69812.1092
14 16 1415191.74
15 16 807237.573
16 16 5.80276838e+11
17 16 -56636.4512
18 16 835750.827
19 16 -0.0163287235
20 16 -0.0217354874
21 16 -0.0108403973
22 16 -0.0118768683
23 16 -0.000339142313
24 16 0.0151326317
25 16 -0.000787050318
26 16 -0.0134784218
27 16 -0.00336789113
28 16 -0.00442042003
29 16 -0.000227119263
30 16 0.00505838127
31 16 8.56903993e-05
32 16 -0.00735087008
33 16 -0.0013268108
34 16 -0.00370262471
35 16 -0.000218147824
36 16 0.00149693753
37 16 0.00144611812
38 16 -0.00901500689
39 16 -0.00053619757
40 16 -0.00438165344
41 16 -5.25537525e-05
42 16 0.000418259842
43 16 0.00122435359
44 16 -0.00600506787
45 16 -0.0015034734
46 16 -0.00265109697
47 16 -0.00088567251
48 16 0.00124237854
1 17 0.00463585685
2 17 0.0029505949
3 17 -0.00589278796
4 17 0.0013289661
5 17 -0.00731203223
6 17 -0.00246646614
7 17 0.0072470109
8 17 0.0112374388
9 17 0.000226291935
10 17 0.0143796623
11 17 -0.00941392884
12 17 -0.00477356863
13 17 -96149.9973
14 17 -5.45424789e-09
15 17 -12546.0999
16 17 -56636.4512
17 17 5.8027575e+11
18 17 19427.9224
19 17 0.000548529187
20 17 0.000655686944
21 17 6.29194934e-05
22 17 0.000122696688
23 17 -8.25667482e-05
24 17 -0.00053050746
25 17 0.00015242977
26 17 0.000246926261
27 17 -4.10829613e-06
28 17 9.52743436e-05
29 17 -7.65568536e-05
30 17 -0.000264596237
31 17 0.000109437266
32 17 0.000181210249
33 17 6.2723016e-05
34 17 0.000208975074
35 17 -5.99295093e-05
36 17 -0.000208823862
37 17 6.35509566e-05
38 17 0.000216194846
39 17 1.22854764e-05
40 17 0.000245485909
41 17 -6.55470601e-05
42 17 -0.000102799946
43 17 0.000403135255
44 17 0.000775957236
45 17 0.000179099145
46 17 0.000723756737
47 17 -0.000174716834
48 17 -0.000932824669
1 18 -0.126054233
2 18 -1.30779851
3 18 -0.0868530647
4 18 -0.722193631
5 18 -0.0008588583
6 18 1.02177694
7 18 -0.0481722457
8 18 -1.14414024
9 18 -0.199554105
10 18 -1.50297806
11 18 -0.00930088023
12 18 0.376145886
13 18 -687250.04
14 18 181113.888
15 18 69812.1092
16 18 835750.827
17 18 19427.9224
18 18 5.80279182e+11
19 18 0.0167797618
20 18 0.026548722
21 18 0.00634190789
22 18 0.00444867732
23 18 0.000296103831
24 18 -0.0174507832
25 18 0.0020296249
26 18 0.00850439864
27 18 0.00175284974
28 18 0.00369993032
29 18 0.000233885692
30 18 -0.00668490771
31 18 0.000742677019
32 18 0.00522065102
33 18 0.00142493525
34 18 0.00411802642
35 18 0.000235728091
36 18 -0.00281732467
37 18 -0.000265991894
38 18 0.00572489219
39 18 0.000194143861
40 18 0.00481225773
41 18 3.67175729e-05
42 18 -0.0015783426
43 18 0.000305148919
44 18 0.00461674807
45 18 0.00188026238
46 18 0.00371447766
47 18 0.00104615172
48 18 -0.00295969835
1 19 0.000189560876
2 19 -0.000685398569
3 19 0.00023583484
4 19 -4.21622107e-05
5 19 1.1434101e-05
6 19 -0.00038013101
7 19 0.000513385319
8 19 -0.00372180073
9 19 0.00238473341
10 19 0.00320194587
11 19 -3.22336392e-05
12 19 -0.00116292259
13 19 -0.0181283956
14 19 -0.0413669858
15 19 -0.016569207
16 19 -0.0163287235
17 19 0.000548529187
18 19 0.0167797618
19 19 5.80277211e+11
20 19 2032570.29
21 19 245658.795
22 19 596836.428
23 19 -235504.787
24 19 -1041117.42
25 19 -0.00063359112
26 19 -0.00305366672
27 19 -0.000787492348
28 19 -0.00125990387
29 19 0.00012783607
30 19 0.00064003239
31 19 -0.000565867151
32 19 0.000243398045
33 19 -0.000366308547
34 19 -36763.2688
35 19 5509.90309
36 19 1685.92502
37 19 0.0306146616
38 19 -0.356486463
39 19 -0.0102344473
40 19 -0.229036491
41 19 0.0209852877
42 19 -1.51042105
43 19 0.0107789778
44 19 -0.134783072
45 19 -0.0741441633
46 19 -0.100135792
47 19 0.00125184876
48 19 -0.0198105791
1 20 -0.00398887548
2 20 -0.0380128787
3 20 0.00392492313
4 20 0.00188572114
5 20 5.08111266e-06
6 20 -0.000389791077
7 20 -0.0049277909
8 20 -0.10023123
9 20 0.011205977
10 20 0.0274777666
11 20 0.000294085178
12 20 -0.00207122846
13 20 -0.0254977876
14 20 -0.119835946
15 20 -0.0316799517
16 20 -0.0217354874
17 20 0.000655686944
18 20 0.026548722
19 20 2032570.29
20 20 5.80293955e+11
21 20 3499225.15
22 20 3676817.36
23 20 2.54847912e-06
24 20 -3949898.41
25 20 0.0104938134
26 20 -0.103216516
27 20 -0.0278788449
28 20 -0.0247444575
29 20 7.87227398e-06
30 20 -0.00329375528
31 20 0.0198134504
32 20 -0.0742593421
33 20 -0.0087411462
34 20 -178676.461
35 20 -3586.20573
36 20 1032.86163
37 20 0.106845001
38 20 -1.02657412
39 20 -0.0239961417
40 20 -0.617642228
41 20 0.0164899172
42 20 -4.08084362
43 20 0.0601481378
44 20 -0.685520276
45 20 -0.204245828
46 20 -0.514606353
47 20 -0.00125533258
48 20 -0.15553643
1 21 -0.00251428864
2 21 -0.00880418156
3 21 0.00172052131
4 21 0.00106897198
5 21 -5.91484697e-06
6 21 0.00196914892
7 21 -0.00534527842
8 21 -0.0104850719
9 21 -0.00436907636
10 21 -0.00572211569
11 21 -0.000131859635
12 21 0.0044196939
13 21 -0.00777617747
14 21 -0.0334382878
15 21 -0.0139565473
16 21 -0.0108403973
17 21 6.29194934e-05
18 21 0.00634190789
19 21 245658.795
20 21 3499225.15
21 21 5.80277493e+11
22 21 1507863.03
23 21 273395.394
24 21 -596836.428
25 21 0.00451043212
26 21 -0.0277666678
27 21 -0.00988878518
28 21 -0.00582695206
29 21 -4.96911353e-05
30 21 -0.00193705447
31 21 0.00696581866
32 21 -0.0195330023
33 21 -0.00265175053
34 21 -19113.1268
35 21 -12228.2406
36 21 -2682.82234
37 21 0.0831155988
38 21 -0.864961299
39 21 -0.0154761031
40 21 -0.539951585
41 21 0.00766768856
42 21 -3.58419592
43 21 0.0212967869
44 21 -0.0944498438
45 21 -0.0389609658
46 21 -0.056668772
47 21 -0.00239552034
48 21 -0.0192394587
1 22 -0.00205354919
2 22 -0.00583587095
3 22 0.00111180043
4 22 0.00116195329
5 22 5.74970946e-06
6 22 0.0029615453
7 22 -0.00462555028
8 22 -0.0027924535
9 22 -0.00617926646
10 22 -0.0123289165
11 22 -0.000104084463
12 22 0.00720576851
13 22 -0.00624402962
14 22 -0.0226978011
15 22 -0.0105503909
16 22 -0.0118768683
17 22 0.000122696688
18 22 0.00444867732
19 22 596836.428
20 22 3676817.36
21 22 1507863.03
22 22 5.80278287e+11
23 22 46061.0919
24 22 -1469820.74
25 22 0.00208096527
26 22 -0.0226307012
27 22 -0.00592895981
28 22 -0.00572891889
29 22 1.90015954e-06
30 22 -0.000357024401
31 22 0.00424191166
32 22 -0.0163123758
33 22 -0.00194456878
34 22 -171409.195
35 22 -8803.02466
36 22 -273.812053
37 22 0.18834483
38 22 -2.09128072
39 22 -0.0356356406
40 22 -1.32765163
41 22 0.0275791413
42 22 -8.81523596
43 22 0.0158231868
44 22 -0.178122451
45 22 -0.0461239228
46 22 -0.157451966
47 22 -0.000596727391
48 22 -0.052434255
1 23 -2.50038529e-05
2 23 -1.87337312e-05
3 23 -2.12919541e-05
4 23 5.98186918e-06
5 23 -1.6357009e-05
6 23 4.84792099e-06
7 23 -2.8399716e-05
8 23 -0.000100614114
9 23 -6.79188145e-06
10 23 8.20723717e-05
11 23 -7.73103533e-05
12 23 -4.10861467e-06
13 23 -0.00020501278
14 23 -0.000795987251
15 23 -0.000438099423
16 23 -0.000339142313
17 23 -8.25667482e-05
18 23 0.000296103831
19 23 -235504.787
20 23 2.54847912e-06
21 23 273395.394
22 23 46061.0919
23 23 5.80275665e+11
24 23 57407.9841
25 23 0.000127608528
26 23 -2.15796195e-05
27 23 6.76728866e-06
28 23 -6.92132699e-05
29 23 -5.72301138e-05
30 23 3.64781405e-05
31 23 0.000168520482
32 23 -6.56371441e-05
33 23 6.6624594e-05
34 23 481.261766
35 23 -26135.7667
36 23 -6168.63246
37 23 0.0039803982
38 23 -0.0366590029
39 23 0.00411918154
40 23 -0.0215977188
41 23 -0.0195810805
42 23 -0.155598318
43 23 0.00153615381
44 23 0.000734791948
45 23 0.000778364735
46 23 0.000811894924
47 23 -0.00149586615
48 23 -0.00023304994
1 24 -0.000411473
2 24 0.00100490296
3 24 4.56571446e-05
4 24 0.000251920724
5 24 1.59235738e-06
6 24 0.00111268362
7 24 -0.00129294874
8 24 0.00726436926
9 24 -0.00327312056
10 24 -0.00684625022
11 24 -5.54296509e-05
12 24 0.002818708
13 24 0.0179249534
14 24 0.0430238697
15 24 0.0161401026
16 24 0.0151326317
17 24 -0.00053050746
18 24 -0.0174507832
19 24 -1041117.42
20 24 -3949898.41
21 24 -596836.428
22 24 -1469820.74
23 24 57407.9841
24 24 5.80277642e+11
25 24 0.000558332336
26 24 0.0072692143
27 24 0.00117465728
28 24 0.00336631255
29 24 -2.2124742e-05
30 24 -0.00191313794
31 24 4.96627578e-05
32 24 0.00174947832
33 24 0.000404672287
34 24 325199.14
35 24 3698.3608
36 24 -2546.96995
37 24 -0.0805278293
38 24 0.919174145
39 24 0.0201949757
40 24 0.588431069
41 24 -0.033271599
42 24 3.8952002
43 24 -0.0153380653
44 24 0.259821363
45 24 0.0817659955
46 24 0.238133744
47 24 0.000440344562
48 24 0.0684742976
1 25 0.00136717962
2 25 0.00464626996
3 25 -0.000748612702
4 25 -0.000423761239
5 25 2.49826783e-05
6 25 -0.000636698107
7 25 0.00149669387
8 25 0.00551819233
9 25 0.000783107907
10 25 0.000289628828
11 25 3.95957056e-05
12 25 -0.000849722032
13 25 -0.000760560078
14 25 0.00219900114
15 25 0.0019548573
16 25 -0.000787050318
17 25 0.00015242977
18 25 0.0020296249
19 25 -0.00063359112
20 25 0.0104938134
21 25 0.00451043212
22 25 0.00208096527
23 25 0.000127608528
24 25 0.000558332336
25 25 5.80276577e+11
26 25 -429597.113
27 25 -236254.294
28 25 173435.046
29 25 -285485.623
30 25 -497797.54
31 25 -0.00623838233
32 25 0.00651321961
33 25 0.00020065059
34 25 -68021.4771
35 25 29605.5767
36 25 7697.03976
37 25 -0.00575674964
38 25 0.00691266161
39 25 0.000752425451
40 25 -0.00429988769
41 25 7.74863892e-05
42 25 0.00457582658
43 25 -0.00253021049
44 25 -0.0478317248
45 25 -0.0462503086
46 25 -0.0975490906
47 25 0.00159522514
48 25 -0.0274108542
1 26 -0.00676586682
2 26 -0.0328837765
3 26 0.00489372074
4 26 0.0031472285
5 26 1.22051295e-05
6 26 0.00471491641
7 26 -0.00915592498
8 26 -0.0484479741
9 26 -0.00276829574
10 26 -0.00222590489
11 26 8.40274415e-06
12 26 0.00759295381
13 26 -0.00535437989
14 26 -0.0602560136
15 26 -0.0133759555
16 26 -0.0134784218
17 26 0.000246926261
18 26 0.00850439864
19 26 -0.00305366672
20 26 -0.103216516
21 26 -0.0277666678
22 26 -0.0226307012
23 26 -2.15796195e-05
24 26 0.0072692143
25 26 -429597.113
26 26 5.8028891e+11
27 26 3366664.89
28 26 3934428.2
29 26 -9.89571887e-05
30 26 -1311883.7
31 26 0.0201389772
32 26 -0.0881101332
33 26 -0.0155464534
34 26 -493153.223
35 26 -1425.86843
36 26 4848.7585
37 26 0.0280969449
38 26 -0.100359504
39 26 -0.0108172287
40 26 -0.0203127824
41 26 -4.55066374e-05
42 26 -0.0120094233
43 26 0.100645294
44 26 -0.829572529
45 26 -0.224443164
46 26 -0.480421756
47 26 -6.54481054e-05
48 26 -0.0523187428
1 27 -0.00269725323
2 27 -0.0101127075
3 27 0.0020599274
4 27 0.000964246201
5 27 1.78447599e-05
6 27 0.00134759188
7 27 -0.00342717165
8 27 -0.0126255946
9 27 -0.000988118601
10 27 -0.000593369441
11 27 1.86383855e-05
12 27 0.00195722045
13 27 -0.00189701401
14 27 -0.0166902088
15 27 -0.00617769246
16 27 -0.00336789113
17 27 -4.10829613e-06
18 27 0.00175284974
19 27 -0.000787492348
20 27 -0.0278788449
21 27 -0.00988878518
22 27 -0.00592895981
23 27 6.76728866e-06
24 27 0.00117465728
25 27 -236254.294
26 27 3366664.89
27 27 5.8027701e+11
28 27 913664.723
29 27 99201.3396
30 27 -173435.046
31 27 0.00909140458
32 27 -0.0244937546
33 27 -0.00526198148
34 27 -92660.1645
35 27 -22124.772
36 27 -4243.43505
37 27 0.0111458602
38 27 -0.0283756893
39 27 -0.00410689788
40 27 -0.00400112132
41 27 -3.89248914e-05
42 27 -0.00437202546
43 27 0.0432889995
44 27 -0.181484278
45 27 -0.0835774163
46 27 -0.11111065
47 27 -0.00154994967
48 27 -0.0102438375
1 28 -0.00132894081
2 28 -0.00686291054
3 28 0.000969564271
4 28 0.00065913044
5 28 3.11331175e-06
6 28 0.00101520168
7 28 -0.00182492991
8 28 -0.00976096157
9 28 -0.000541746505
10 28 -0.00044678346
11 28 2.5399993e-06
12 28 0.00153247727
13 28 -0.00191098699
14 28 -0.0161997899
15 28 -0.00316597451
16 28 -0.00442042003
17 28 9.52743436e-05
18 28 0.00369993032
19 28 -0.00125990387
20 28 -0.0247444575
21 28 -0.00582695206
22 28 -0.00572891889
23 28 -6.92132699e-05
24 28 0.00336631255
25 28 173435.046
26 28 3934428.2
27 28 913664.723
28 28 5.80278219e+11
29 28 26616.1538
30 28 -1403525.07
31 28 0.00282029311
32 28 -0.026770068
33 28 -0.0055834778
34 28 -1568190.1
35 28 -23589.2782
36 28 10924.9507
37 28 0.00528074158
38 28 -0.0228975126
39 28 -0.00204666191
40 28 -0.00788969093
41 28 -6.18788051e-05
42 28 -0.00074899563
43 28 0.00321974738
44 28 -0.231032284
45 28 -0.100998509
46 28 -0.304941083
47 28 -0.00123365763
48 28 -0.132536688
1 29 -2.53615127e-05
2 29 -1.64225101e-05
3 29 -3.02149881e-05
4 29 6.0255474e-07
5 29 -6.90197921e-06
6 29 2.87288327e-06
7 29 1.34984071e-05
8 29 -1.13939737e-05
9 29 -5.45979612e-05
10 29 -1.81559347e-06
11 29 -8.9585757e-06
12 29 1.36372287e-06
13 29 1.68531635e-05
14 29 -0.000500637582
15 29 -0.000187625974
16 29 -0.000227119263
17 29 -7.65568536e-05
18 29 0.000233885692
19 29 0.00012783607
20 29 7.87227398e-06
21 29 -4.96911353e-05
22 29 1.90015954e-06
23 29 -5.72301138e-05
24 29 -2.2124742e-05
25 29 -285485.623
26 29 -9.89571887e-05
27 29 99201.3396
28 29 26616.1538
29 29 5.80275741e+11
30 29 58197.5156
31 29 0.000727083838
32 29 2.76505813e-05
33 29 4.91396327e-05
34 29 195.568289
35 29 -138234.069
36 29 -32601.6623
37 29 0.000111631346
38 29 3.98373461e-05
39 29 5.57769212e-05
40 29 9.36938285e-05
41 29 -9.71488665e-05
42 29 -5.08103418e-05
43 29 0.00185293768
44 29 -0.000886036218
45 29 2.7826306e-05
46 29 0.0015107296
47 29 -0.00218664667
48 29 0.000573840892
1 30 -0.000622258275
2 30 -0.00345204514
3 30 0.000415023627
4 30 0.000321354541
5 30 -4.39966826e-07
6 30 0.000552538451
7 30 -0.000784727602
8 30 -0.00405106917
9 30 -0.000271651801
10 30 -0.000215277764
11 30 -1.42445741e-06
12 30 0.000636121559
13 30 0.0029628862
14 30 0.00955516388
15 30 0.00111659752
16 30 0.00505838127
17 30 -0.000264596237
18 30 -0.00668490771
19 30 0.00064003239
20 30 -0.00329375528
21 30 -0.00193705447
22 30 -0.000357024401
23 30 3.64781405e-05
24 30 -0.00191313794
25 30 -497797.54
26 30 -1311883.7
27 30 -173435.046
28 30 -1403525.07
29 30 58197.5156
30 30 5.80277267e+11
31 30 0.00569081245
32 30 0.0100644457
33 30 0.00454818052
34 30 1150161.36
35 30 -22656.5302
36 30 -17435.9022
37 30 0.00260008018
38 30 0.0062424618
39 30 -0.000286837549
40 30 0.013851073
41 30 8.3040199e-05
42 30 -0.00730482267
43 30 -0.03293605
44 30 0.24563771
45 30 0.0901761939
46 30 0.186901521
47 30 -0.000538658393
48 30 -0.0432596172
1 31 0.00123693936
2 31 0.00612351617
3 31 -0.000709187686
4 31 -0.000544524247
5 31 1.18981524e-05
6 31 -0.000846418305
7 31 0.00196125193
8 31 0.00945228001
9 31 0.000851232498
10 31 0.000503354831
11 31 2.15423251e-05
12 31 -0.00146421094
13 31 -0.0002715291
14 31 0.00262032648
15 31 0.00139756618
16 31 8.56903993e-05
17 31 0.000109437266
18 31 0.000742677019
19 31 -0.000565867151
20 31 0.0198134504
21 31 0.00696581866
22 31 0.00424191166
23 31 0.000168520482
24 31 4.96627578e-05
25 31 -0.00623838233
26 31 0.0201389772
27 31 0.00909140458
28 31 0.00282029311
29 31 0.000727083838
30 31 0.00569081245
31 31 5.80277998e+11
32 31 -3607221.78
33 31 -696560.353
34 31 -1376469.82
35 31 -134293.262
36 31 -2405474.61
37 31 -0.0401289128
38 31 0.0682219497
39 31 0.0124264325
40 31 0.0023480452
41 31 0.000120600301
42 31 0.0163483794
43 31 -2.14981268
44 31 -5.24773132
45 31 6.5156917
46 31 33.2009351
47 31 -0.623967971
48 31 10.2841988
1 32 -0.00415398396
2 32 -0.0313811978
3 32 0.00259966113
4 32 0.00284512635
5 32 -1.38357793e-05
6 32 0.0049765917
7 32 -0.00650463578
8 32 -0.0418712185
9 32 -0.00231031635
10 32 -0.00221298371
11 32 -2.07004781e-05
12 32 0.006681905
13 32 -0.00262881057
14 32 -0.037592511
15 32 -0.00418108762
16 32 -0.00735087008
17 32 0.000181210249
18 32 0.00522065102
19 32 0.000243398045
20 32 -0.0742593421
21 32 -0.0195330023
22 32 -0.0163123758
23 32 -6.56371441e-05
24 32 0.00174947832
25 32 0.00651321961
26 32 -0.0881101332
27 32 -0.0244937546
28 32 -0.026770068
29 32 2.76505813e-05
30 32 0.0100644457
31 32 -3607221.78
32 32 5.8028945e+11
33 32 2078898.58
34 32 2086608.99
35 32 411.361527
36 32 4137128.76
37 32 0.074490076
38 32 -0.194215729
39 32 -0.0254437617
40 32 -0.0228225628
41 32 -7.41016524e-05
42 32 -0.0354768328
43 32 2.30758893
44 32 5.49885771
45 32 -7.22617993
46 32 -36.5792289
47 32 0.664255613
48 32 -11.2903058
1 33 -0.00040226891
2 33 -0.00262509218
3 33 0.00048091635
4 33 0.00024923462
5 33 3.09136878e-05
6 33 0.000352649162
7 33 -0.000935702502
8 33 -0.00446357964
9 33 -8.79395983e-05
10 33 -0.000202234598
11 33 3.45318276e-05
12 33 0.000695068408
13 33 -0.000958345945
14 33 -0.00500888148
15 33 -0.00105452798
16 33 -0.0013268108
17 33 6.2723016e-05
18 33 0.00142493525
19 33 -0.000366308547
20 33 -0.0087411462
21 33 -0.00265175053
22 33 -0.00194456878
23 33 6.6624594e-05
24 33 0.000404672287
25 33 0.00020065059
26 33 -0.0155464534
27 33 -0.00526198148
28 33 -0.0055834778
29 33 4.91396327e-05
30 33 0.00454818052
31 33 -696560.353
32 33 2078898.58
33 33 5.80276963e+11
34 33 1172204.96
35 33 -216077.548
36 33 1416873.19
37 33 0.0181046258
38 33 -0.036607705
39 33 -0.00810986005
40 33 -0.00597197354
41 33 0.000101605116
42 33 -0.00577890776
43 33 1.73355527
44 33 4.29218586
45 33 -5.42492568
46 33 -27.5485392
47 33 0.476578317
48 33 -8.43495184
1 34 -0.000337395688
2 34 -0.00241979766
3 34 0.000236250325
4 34 0.000228473308
5 34 2.57066868e-07
6 34 0.000357503851
7 34 -0.000605445323
8 34 -0.00399992973
9 34 -0.000182199544
10 34 -0.000177521267
11 34 1.07748995e-07
12 34 0.000632283349
13 34 -0.00196504124
14 34 -0.0114329919
15 34 -0.00131200802
16 34 -0.00370262471
17 34 0.000208975074
18 34 0.00411802642
19 34 -36763.2688
20 34 -178676.461
21 34 -19113.1268
22 34 -171409.195
23 34 481.261766
24 34 325199.14
25 34 -68021.4771
26 34 -493153.223
27 34 -92660.1645
28 34 -1568190.1
29 34 195.568289
30 34 1150161.36
31 34 -1376469.82
32 34 2086608.99
33 34 1172204.96
34 34 4.76131767e+14
35 34 1.19268737e+13
36 34 -2.18724964e+12
37 34 0.00691981111
38 34 -0.0279848999
39 34 -0.00297609871
40 34 -0.0120748766
41 34 -6.22402875e-05
42 34 0.000406994282
43 34 8.35637237
44 34 20.7614609
45 34 -26.0507475
46 34 -132.431976
47 34 2.33965735
48 34 -40.6967047
1 35 -2.11318989e-05
2 35 1.89201762e-05
3 35 -4.22066497e-05
4 35 -2.45534042e-06
5 35 -9.1060645e-06
6 35 -2.98838542e-06
7 35 2.15518107e-05
8 35 2.75691007e-05
9 35 -5.02611906e-05
10 35 6.03866472e-07
11 35 -9.29313591e-06
12 35 -4.90249672e-06
13 35 -1.3980742e-05
14 35 -0.000480211927
15 35 -0.000166317677
16 35 -0.000218147824
17 35 -5.99295093e-05
18 35 0.000235728091
19 35 5509.90309
20 35 -3586.20573
21 35 -12228.2406
22 35 -8803.02466
23 35 -26135.7667
24 35 3698.3608
25 35 29605.5767
26 35 -1425.86843
27 35 -22124.772
28 35 -23589.2782
29 35 -138234.069
30 35 -22656.5302
31 35 -134293.262
32 35 411.361527
33 35 -216077.548
34 35 1.19268737e+13
35 35 -1.01318033e+12
36 35 -3.08110164e+11
37 35 9.12957858e-05
38 35 3.22266882e-05
39 35 0.000152796736
40 35 5.58673607e-06
41 35 -9.6933637e-05
42 35 6.48003183e-06
43 35 -0.246694335
44 35 -0.685271295
45 35 0.865791142
46 35 4.38556169
47 35 -0.00508229142
48 35 1.24989172
1 36 -0.000885038015
2 36 -0.00783617353
3 36 0.000531046504
4 36 0.000706476146
5 36 -4.51599067e-06
6 36 0.00134075074
7 36 -0.0013346962
8 36 -0.00890619599
9 36 -0.000498846081
10 36 -0.000517860766
11 36 -5.61825548e-06
12 36 0.00143883695
13 36 0.00146597114
14 36 0.000724661534
15 36 0.000170311347
16 36 0.00149693753
17 36 -0.000208823862
18 36 -0.00281732467
19 36 1685.92502
20 36 1032.86163
21 36 -2682.82234
22 36 -273.812053
23 36 -6168.63246
24 36 -2546.96995
25 36 7697.03976
26 36 4848.7585
27 36 -4243.43505
28 36 10924.9507
29 36 -32601.6623
30 36 -17435.9022
31 36 -2405474.61
32 36 4137128.76
33 36 1416873.19
34 36 -2.18724964e+12
35 36 -3.08110164e+11
36 36 4.81501282e+11
37 36 0.0152079513
38 36 -0.0290048522
39 36 -0.00471101524
40 36 0.0059347051
41 36 7.02223553e-06
42 36 -0.0113467453
43 36 10.5478064
44 36 26.0590149
45 36 -32.5332016
46 36 -165.443962
47 36 3.06908198
48 36 -51.2892612
1 37 0.00136884575
2 37 0.0060734552
3 37 -0.000943002789
4 37 -0.000584806102
5 37 6.62058316e-06
6 37 -0.000799587334
7 37 0.00244516891
8 37 0.0095194516
9 37 0.00086911336
10 37 0.000437480547
11 37 1.3076907e-05
12 37 -0.00145795235
13 37 0.000557165259
14 37 0.00899528177
15 37 0.00341988449
16 37 0.00144611812
17 37 6.35509566e-05
18 37 -0.000265991894
19 37 0.0306146616
20 37 0.106845001
21 37 0.0831155988
22 37 0.18834483
23 37 0.0039803982
24 37 -0.0805278293
25 37 -0.00575674964
26 37 0.0280969449
27 37 0.0111458602
28 37 0.00528074158
29 37 0.000111631346
30 37 0.00260008018
31 37 -0.0401289128
32 37 0.074490076
33 37 0.0181046258
34 37 0.00691981111
35 37 9.12957858e-05
36 37 0.0152079513
37 37 5.80279014e+11
38 37 -5115495.83
39 37 -604001.247
40 37 -321031.972
41 37 -188652.92
42 37 -1019554.1
43 37 -0.0396116278
44 37 0.076386939
45 37 0.00901561765
46 37 0.0134001826
47 37 0.000973593762
48 37 0.00738475367
1 38 -0.00375775571
2 38 -0.0203198208
3 38 0.002759509
4 38 0.00197372054
5 38 -1.08798613e-06
6 38 0.00264785756
7 38 -0.00654071783
8 38 -0.0310906338
9 38 -0.00198958647
10 38 -0.00130511612
11 38 -6.47777949e-06
12 38 0.00482142547
13 38 -0.00324651915
14 38 -0.0406630581
15 38 -0.00780563791
16 38 -0.00901500689
17 38 0.000216194846
18 38 0.00572489219
19 38 -0.356486463
20 38 -1.02657412
21 38 -0.864961299
22 38 -2.09128072
23 38 -0.0366590029
24 38 0.919174145
25 38 0.00691266161
26 38 -0.100359504
27 38 -0.0283756893
28 38 -0.0228975126
29 38 3.98373461e-05
30 38 0.0062424618
31 38 0.0682219497
32 38 -0.194215729
33 38 -0.036607705
34 38 -0.0279848999
35 38 3.22266882e-05
36 38 -0.0290048522
37 38 -5115495.83
38 38 5.80297101e+11
39 38 3620210.64
40 38 2763990.72
41 38 -2.59077178e-08
42 38 3568012.98
43 38 0.0726256602
44 38 -0.450143961
45 38 -0.0962656122
46 38 -0.166261105
47 38 0.000870626963
48 38 0.042904026
1 39 -0.000416839889
2 39 -0.00226875338
3 39 0.000459173389
4 39 0.000230846237
5 39 1.68919041e-05
6 39 0.000291514233
7 39 -0.000911773327
8 39 -0.0036354211
9 39 -0.000100877919
10 39 -0.000148119529
11 39 2.43367053e-05
12 39 0.000563781979
13 39 -0.000444368647
14 39 -0.00306756368
15 39 -0.00113130209
16 39 -0.00053619757
17 39 1.22854764e-05
18 39 0.000194143861
19 39 -0.0102344473
20 39 -0.0239961417
21 39 -0.0154761031
22 39 -0.0356356406
23 39 0.00411918154
24 39 0.0201949757
25 39 0.000752425451
26 39 -0.0108172287
27 39 -0.00410689788
28 39 -0.00204666191
29 39 5.57769212e-05
30 39 -0.000286837549
31 39 0.0124264325
32 39 -0.0254437617
33 39 -0.00810986005
34 39 -0.00297609871
35 39 0.000152796736
36 39 -0.00471101524
37 39 -604001.247
38 39 3620210.64
39 39 5.80277968e+11
40 39 708724.522
41 39 -250195.562
42 39 321031.972
43 39 0.0204981992
44 39 -0.0625035188
45 39 -0.0630935665
46 39 -0.0101703819
47 39 -0.000279208063
48 39 -0.0234972252
1 40 -0.00028054919
2 40 -0.00158165936
3 40 0.00022612827
4 40 0.000159882415
5 40 1.01399423e-06
6 40 0.000203487939
7 40 -0.000512933456
8 40 -0.00262789905
9 40 -0.000133069427
10 40 -0.000102764094
11 40 1.07913441e-06
12 40 0.000410512033
13 40 -0.00229441933
14 40 -0.0120255528
15 40 -0.00176419236
16 40 -0.00438165344
17 40 0.000245485909
18 40 0.00481225773
19 40 -0.229036491
20 40 -0.617642228
21 40 -0.539951585
22 40 -1.32765163
23 40 -0.0215977188
24 40 0.588431069
25 40 -0.00429988769
26 40 -0.0203127824
27 40 -0.00400112132
28 40 -0.00788969093
29 40 9.36938285e-05
30 40 0.013851073
31 40 0.0023480452
32 40 -0.0228225628
33 40 -0.00597197354
34 40 -0.0120748766
35 40 5.58673607e-06
36 40 0.0059347051
37 40 -321031.972
38 40 2763990.72
39 40 708724.522
40 40 5.80276196e+11
41 40 -36311.6599
42 40 609371.768
43 40 0.00767205736
44 40 -0.156200289
45 40 -0.0324550292
46 40 -0.0951485101
47 40 0.000623522548
48 40 0.0555909248
1 41 -1.36451536e-05
2 41 2.21707603e-06
3 41 -1.86237269e-05
4 41 -7.7796362e-07
5 41 -3.59334075e-06
6 41 1.51985359e-07
7 41 1.10238965e-05
8 41 8.70840725e-06
9 41 -3.35540289e-05
10 41 -6.17324626e-07
11 41 -5.460902e-06
12 41 -1.63103324e-06
13 41 7.83123384e-05
14 41 -8.66090502e-05
15 41 -9.83628959e-05
16 41 -5.25537525e-05
17 41 -6.55470601e-05
18 41 3.67175729e-05
19 41 0.0209852877
20 41 0.0164899172
21 41 0.00766768856
22 41 0.0275791413
23 41 -0.0195810805
24 41 -0.033271599
25 41 7.74863892e-05
26 41 -4.55066374e-05
27 41 -3.89248914e-05
28 41 -6.18788051e-05
29 41 -9.71488665e-05
30 41 8.3040199e-05
31 41 0.000120600301
32 41 -7.41016524e-05
33 41 0.000101605116
34 41 -6.22402875e-05
35 41 -9.6933637e-05
36 41 7.02223553e-06
37 41 -188652.92
38 41 -2.59077178e-08
39 41 -250195.562
40 41 -36311.6599
41 41 5.80275767e+11
42 41 12286.1179
43 41 0.000714044612
44 41 -0.00127976742
45 41 -0.000305044873
46 41 -0.000928536937
47 41 -0.00073636379
48 41 0.000662656918
1 42 -0.000782701464
2 42 -0.00415368873
3 42 0.000568201253
4 42 0.000402315761
5 42 -6.12291717e-07
6 42 0.000542752723
7 42 -0.00135156388
8 42 -0.00632857784
9 42 -0.00042031685
10 42 -0.000269319795
11 42 -1.96528311e-06
12 42 0.000980640318
13 42 0.0006596921
14 42 -0.00308049877
15 42 -0.000788055158
16 42 0.000418259842
17 42 -0.000102799946
18 42 -0.0015783426
19 42 -1.51042105
20 42 -4.08084362
21 42 -3.58419592
22 42 -8.81523596
23 42 -0.155598318
24 42 3.8952002
25 42 0.00457582658
26 42 -0.0120094233
27 42 -0.00437202546
28 42 -0.00074899563
29 42 -5.08103418e-05
30 42 -0.00730482267
31 42 0.0163483794
32 42 -0.0354768328
33 42 -0.00577890776
34 42 0.000406994282
35 42 6.48003183e-06
36 42 -0.0113467453
37 42 -1019554.1
38 42 3568012.98
39 42 321031.972
40 42 609371.768
41 42 12286.1179
42 42 5.8027942e+11
43 42 0.014780003
44 42 0.0051053206
45 42 -0.00369650338
46 42 0.0309258063
47 42 -0.000127603346
48 42 -0.0338467141
1 43 0.00213657352
2 43 0.00950578802
3 43 -0.00134095816
4 43 -0.00086170886
5 43 6.23428721e-06
6 43 -0.0012916665
7 43 0.00247852594
8 43 0.0106694332
9 43 0.00109920838
10 43 0.000577388018
11 43 4.90739373e-05
12 43 -0.00165167663
13 43 -0.000151978086
14 43 0.0081896947
15 43 0.00347373832
16 43 0.00122435359
17 43 0.000403135255
18 43 0.000305148919
19 43 0.0107789778
20 43 0.0601481378
21 43 0.0212967869
22 43 0.0158231868
23 43 0.00153615381
24 43 -0.0153380653
25 43 -0.00253021049
26 43 0.100645294
27 43 0.0432889995
28 43 0.00321974738
29 43 0.00185293768
30 43 -0.03293605
31 43 -2.14981268
32 43 2.30758893
33 43 1.73355527
34 43 8.35637237
35 43 -0.246694335
36 43 10.5478064
37 43 -0.0396116278
38 43 0.0726256602
39 43 0.0204981992
40 43 0.00767205736
41 43 0.000714044612
42 43 0.014780003
43 43 5.80278906e+11
44 43 -3102511.96
45 43 -372017.508
46 43 -1000268.88
47 43 -384721.908
48 43 -1354939.83
1 44 -0.00565581775
2 44 -0.0299879453
3 44 0.00372110926
4 44 0.00288803853
5 44 -5.03758345e-06
6 44 0.00412337009
7 44 -0.0162060711
8 44 -0.0704904036
9 44 0.00602195412
10 44 0.00257870296
11 44 7.26097512e-05
12 44 0.0115040744
13 44 -0.00398029348
14 44 -0.0323670358
15 44 -0.00657578511
16 44 -0.00600506787
17 44 0.000775957236
18 44 0.00461674807
19 44 -0.134783072
20 44 -0.685520276
21 44 -0.0944498438
22 44 -0.178122451
23 44 0.000734791948
24 44 0.259821363
25 44 -0.0478317248
26 44 -0.829572529
27 44 -0.181484278
28 44 -0.231032284
29 44 -0.000886036218
30 44 0.24563771
31 44 -5.24773132
32 44 5.49885771
33 44 4.29218586
34 44 20.7614609
35 44 -0.685271295
36 44 26.0590149
37 44 0.076386939
38 44 -0.450143961
39 44 -0.0625035188
40 44 -0.156200289
41 44 -0.00127976742
42 44 0.0051053206
43 44 -3102511.96
44 44 5.80302323e+11
45 44 5317024.75
46 44 4435631.16
47 44 1.02776023e-05
48 44 2225599.71
1 45 -0.000100459427
2 45 -0.00112730321
3 45 0.000305009473
4 45 0.000129287008
5 45 2.70819148e-05
6 45 0.000144491177
7 45 -0.00573306858
8 45 -0.0174624997
9 45 0.00480180594
10 45 0.00196835
11 45 7.46999806e-05
12 45 0.00283546921
13 45 -0.00125893668
14 45 -0.00519315631
15 45 -0.000761084647
16 45 -0.0015034734
17 45 0.000179099145
18 45 0.00188026238
19 45 -0.0741441633
20 45 -0.204245828
21 45 -0.0389609658
22 45 -0.0461239228
23 45 0.000778364735
24 45 0.0817659955
25 45 -0.0462503086
26 45 -0.224443164
27 45 -0.0835774163
28 45 -0.100998509
29 45 2.7826306e-05
30 45 0.0901761939
31 45 6.5156917
32 45 -7.22617993
33 45 -5.42492568
34 45 -26.0507475
35 45 0.865791142
36 45 -32.5332016
37 45 0.00901561765
38 45 -0.0962656122
39 45 -0.0630935665
40 45 -0.0324550292
41 45 -0.000305044873
42 45 -0.00369650338
43 45 -372017.508
44 45 5317024.75
45 45 5.80280669e+11
46 45 5636384.23
47 45 -180930.665
48 45 1000268.88
1 46 -0.00014195937
2 46 -0.00118038816
3 46 0.000135108085
4 46 0.000149258718
5 46 1.73967973e-06
6 46 0.0001755926
7 46 -0.00277661038
8 46 -0.010954226
9 46 0.00209654428
10 46 0.00109021459
11 46 2.4837013e-05
12 46 0.00187554077
13 46 -0.00254382285
14 46 -0.00837084854
15 46 -0.000490277113
16 46 -0.00265109697
17 46 0.000723756737
18 46 0.00371447766
19 46 -0.100135792
20 46 -0.514606353
21 46 -0.056668772
22 46 -0.157451966
23 46 0.000811894924
24 46 0.238133744
25 46 -0.0975490906
26 46 -0.480421756
27 46 -0.11111065
28 46 -0.304941083
29 46 0.0015107296
30 46 0.186901521
31 46 33.2009351
32 46 -36.5792289
33 46 -27.5485392
34 46 -132.431976
35 46 4.38556169
36 46 -165.443962
37 46 0.0134001826
38 46 -0.166261105
39 46 -0.0101703819
40 46 -0.0951485101
41 46 -0.000928536937
42 46 0.0309258063
43 46 -1000268.88
44 46 4435631.16
45 46 5636384.23
46 46 5.80295882e+11
47 46 57655.6828
48 46 4255504.73
1 47 -2.11887752e-05
2 47 6.52147247e-06
3 47 -3.24932067e-05
4 47 -1.53746576e-06
5 47 -6.73563885e-06
6 47 -2.05723294e-07
7 47 -4.02371666e-05
8 47 -8.9111607e-05
9 47 -5.41293526e-05
10 47 1.15540787e-05
11 47 -1.59241128e-05
12 47 1.69847773e-05
13 47 -0.000306783906
14 47 -0.00213443527
15 47 -0.000635245308
16 47 -0.00088567251
17 47 -0.000174716834
18 47 0.00104615172
19 47 0.00125184876
20 47 -0.00125533258
21 47 -0.00239552034
22 47 -0.000596727391
23 47 -0.00149586615
24 47 0.000440344562
25 47 0.00159522514
26 47 -6.54481054e-05
27 47 -0.00154994967
28 47 -0.00123365763
29 47 -0.00218664667
30 47 -0.000538658393
31 47 -0.623967971
32 47 0.664255613
33 47 0.476578317
34 47 2.33965735
35 47 -0.00508229142
36 47 3.06908198
37 47 0.000973593762
38 47 0.000870626963
39 47 -0.000279208063
40 47 0.000623522548
41 47 -0.00073636379
42 47 -0.000127603346
43 47 -384721.908
44 47 1.02776023e-05
45 47 -180930.665
46 47 57655.6828
47 47 5.80276036e+11
48 47 -130616.559
1 48 -0.00131114722
2 48 -0.00727022567
3 48 0.000866975434
4 48 0.000742473976
5 48 -1.38907733e-06
6 48 0.0010394802
7 48 -0.0014912927
8 48 -0.00877868321
9 48 -0.000630036167
10 48 -0.000395248774
11 48 -7.27692852e-06
12 48 0.00139431294
13 48 0.00212395571
14 48 0.000810532529
15 48 -0.00162828472
16 48 0.00124237854
17 48 -0.000932824669
18 48 -0.00295969835
19 48 -0.0198105791
20 48 -0.15553643
21 48 -0.0192394587
22 48 -0.052434255
23 48 -0.00023304994
24 48 0.0684742976
25 48 -0.0274108542
26 48 -0.0523187428
27 48 -0.0102438375
28 48 -0.132536688
29 48 0.000573840892
30 48 -0.0432596172
31 48 10.2841988
32 48 -11.2903058
33 48 -8.43495184
34 48 -40.6967047
35 48 1.24989172
36 48 -51.2892612
37 48 0.00738475367
38 48 0.042904026
39 48 -0.0234972252
40 48 0.0555909248
41 48 0.000662656918
42 48 -0.0338467141
43 48 -1354939.83
44 48 2225599.71
45 48 1000268.88
46 48 4255504.73
47 48 -130616.559
48 48 5.80278895e+11
